: 
  File "<ipython-input-9-e10b7542dc9a>", line 1
    :
    ^
SyntaxError: invalid syntax


In [10]: 

In [10]: 

In [10]: %run test.py
### predicting y
y expected
[[ 0.39411072  0.32179748  0.2840918 ]
 [ 0.4075143   0.32013043  0.27235527]
 [ 0.41091755  0.31606385  0.2730186 ]
 [ 0.41098376  0.31825833  0.27075792]
 [ 0.41118931  0.31812307  0.27068762]
 [ 0.41356637  0.31280332  0.27363031]
 [ 0.41157736  0.31584609  0.27257655]]
y received
[[ 0.39411072  0.32179748  0.2840918 ]
 [ 0.388575    0.33155846  0.27986654]
 [ 0.40796769  0.31748795  0.27454436]
 [ 0.40704855  0.32027924  0.27267221]
 [ 0.41045624  0.31852967  0.27101409]
 [ 0.41298341  0.31297513  0.27404146]
 [ 0.41140444  0.31585632  0.27273924]]

s expected
[[ 0.66818777  0.64565631]
 [ 0.80500806  0.80655686]
 [ 0.85442692  0.79322425]
 [ 0.84599959  0.8270955 ]
 [ 0.84852462  0.82794442]
 [ 0.89340731  0.7811953 ]
 [ 0.86164528  0.79916155]
 [ 0.          0.        ]]
s received
[[ 0.66818777  0.64565631]
 [ 0.57444252  0.7109495 ]
 [ 0.82022816  0.77343167]
 [ 0.79991415  0.80226419]
 [ 0.83982824  0.82377612]
 [ 0.88712792  0.77567476]
 [ 0.85994898  0.79690263]
 [ 0.          0.        ]]

In [11]: %run test.py
### predicting y
y expected
[[ 0.39411072  0.32179748  0.2840918 ]
 [ 0.4075143   0.32013043  0.27235527]
 [ 0.41091755  0.31606385  0.2730186 ]
 [ 0.41098376  0.31825833  0.27075792]
 [ 0.41118931  0.31812307  0.27068762]
 [ 0.41356637  0.31280332  0.27363031]
 [ 0.41157736  0.31584609  0.27257655]]
y received
[[ 0.39411072  0.32179748  0.2840918 ]
 [ 0.388575    0.33155846  0.27986654]
 [ 0.40796769  0.31748795  0.27454436]
 [ 0.40704855  0.32027924  0.27267221]
 [ 0.41045624  0.31852967  0.27101409]
 [ 0.41298341  0.31297513  0.27404146]
 [ 0.41140444  0.31585632  0.27273924]]

s expected
[[ 0.66818777  0.64565631]
 [ 0.80500806  0.80655686]
 [ 0.85442692  0.79322425]
 [ 0.84599959  0.8270955 ]
 [ 0.84852462  0.82794442]
 [ 0.89340731  0.7811953 ]
 [ 0.86164528  0.79916155]
 [ 0.          0.        ]]
s received
[[ 0.66818777  0.64565631]
 [ 0.57444252  0.7109495 ]
 [ 0.82022816  0.77343167]
 [ 0.79991415  0.80226419]
 [ 0.83982824  0.82377612]
 [ 0.88712792  0.77567476]
 [ 0.85994898  0.79690263]
 [ 0.          0.        ]]

In [12]: %run test.py
### predicting y
y expected
[[ 0.39411072  0.32179748  0.2840918 ]
 [ 0.4075143   0.32013043  0.27235527]
 [ 0.41091755  0.31606385  0.2730186 ]
 [ 0.41098376  0.31825833  0.27075792]
 [ 0.41118931  0.31812307  0.27068762]
 [ 0.41356637  0.31280332  0.27363031]
 [ 0.41157736  0.31584609  0.27257655]]
y received
[[ 0.39411072  0.32179748  0.2840918 ]
 [ 0.388575    0.33155846  0.27986654]
 [ 0.40796769  0.31748795  0.27454436]
 [ 0.40704855  0.32027924  0.27267221]
 [ 0.41045624  0.31852967  0.27101409]
 [ 0.41298341  0.31297513  0.27404146]
 [ 0.41140444  0.31585632  0.27273924]]

s expected
[[ 0.66818777  0.64565631]
 [ 0.80500806  0.80655686]
 [ 0.85442692  0.79322425]
 [ 0.84599959  0.8270955 ]
 [ 0.84852462  0.82794442]
 [ 0.89340731  0.7811953 ]
 [ 0.86164528  0.79916155]
 [ 0.          0.        ]]
s received
[[ 0.66818777  0.64565631]
 [ 0.57444252  0.7109495 ]
 [ 0.82022816  0.77343167]
 [ 0.79991415  0.80226419]
 [ 0.83982824  0.82377612]
 [ 0.88712792  0.77567476]
 [ 0.85994898  0.79690263]
 [ 0.          0.        ]]

In [13]: %run test.py
### predicting y
y expected
[[ 0.39411072  0.32179748  0.2840918 ]
 [ 0.4075143   0.32013043  0.27235527]
 [ 0.41091755  0.31606385  0.2730186 ]
 [ 0.41098376  0.31825833  0.27075792]
 [ 0.41118931  0.31812307  0.27068762]
 [ 0.41356637  0.31280332  0.27363031]
 [ 0.41157736  0.31584609  0.27257655]]
y received
[[ 0.39411072  0.32179748  0.2840918 ]
 [ 0.388575    0.33155846  0.27986654]
 [ 0.40796769  0.31748795  0.27454436]
 [ 0.40704855  0.32027924  0.27267221]
 [ 0.41045624  0.31852967  0.27101409]
 [ 0.41298341  0.31297513  0.27404146]
 [ 0.41140444  0.31585632  0.27273924]]

s expected
[[ 0.66818777  0.64565631]
 [ 0.80500806  0.80655686]
 [ 0.85442692  0.79322425]
 [ 0.84599959  0.8270955 ]
 [ 0.84852462  0.82794442]
 [ 0.89340731  0.7811953 ]
 [ 0.86164528  0.79916155]
 [ 0.          0.        ]]
s received
[[ 0.66818777  0.64565631]
 [ 0.57444252  0.7109495 ]
 [ 0.82022816  0.77343167]
 [ 0.79991415  0.80226419]
 [ 0.83982824  0.82377612]
 [ 0.88712792  0.77567476]
 [ 0.85994898  0.79690263]
 [ 0.          0.        ]]

In [14]: %run rnn.py q

In [15]: %run test.py
### predicting y
y expected
[[ 0.39411072  0.32179748  0.2840918 ]
 [ 0.4075143   0.32013043  0.27235527]
 [ 0.41091755  0.31606385  0.2730186 ]
 [ 0.41098376  0.31825833  0.27075792]
 [ 0.41118931  0.31812307  0.27068762]
 [ 0.41356637  0.31280332  0.27363031]
 [ 0.41157736  0.31584609  0.27257655]]
y received
[[ 0.39411072  0.32179748  0.2840918 ]
 [ 0.388575    0.33155846  0.27986654]
 [ 0.40796769  0.31748795  0.27454436]
 [ 0.40704855  0.32027924  0.27267221]
 [ 0.41045624  0.31852967  0.27101409]
 [ 0.41298341  0.31297513  0.27404146]
 [ 0.41140444  0.31585632  0.27273924]]

s expected
[[ 0.66818777  0.64565631]
 [ 0.80500806  0.80655686]
 [ 0.85442692  0.79322425]
 [ 0.84599959  0.8270955 ]
 [ 0.84852462  0.82794442]
 [ 0.89340731  0.7811953 ]
 [ 0.86164528  0.79916155]
 [ 0.          0.        ]]
s received
[[ 0.66818777  0.64565631]
 [ 0.57444252  0.7109495 ]
 [ 0.82022816  0.77343167]
 [ 0.79991415  0.80226419]
 [ 0.83982824  0.82377612]
 [ 0.88712792  0.77567476]
 [ 0.85994898  0.79690263]
 [ 0.          0.        ]]

In [16]: %run rnn.py q

In [17]: %run test.py
### predicting y
y expected
[[ 0.39411072  0.32179748  0.2840918 ]
 [ 0.4075143   0.32013043  0.27235527]
 [ 0.41091755  0.31606385  0.2730186 ]
 [ 0.41098376  0.31825833  0.27075792]
 [ 0.41118931  0.31812307  0.27068762]
 [ 0.41356637  0.31280332  0.27363031]
 [ 0.41157736  0.31584609  0.27257655]]
y received
[[ 0.39411072  0.32179748  0.2840918 ]
 [ 0.388575    0.33155846  0.27986654]
 [ 0.40796769  0.31748795  0.27454436]
 [ 0.40704855  0.32027924  0.27267221]
 [ 0.41045624  0.31852967  0.27101409]
 [ 0.41298341  0.31297513  0.27404146]
 [ 0.41140444  0.31585632  0.27273924]]

s expected
[[ 0.66818777  0.64565631]
 [ 0.80500806  0.80655686]
 [ 0.85442692  0.79322425]
 [ 0.84599959  0.8270955 ]
 [ 0.84852462  0.82794442]
 [ 0.89340731  0.7811953 ]
 [ 0.86164528  0.79916155]
 [ 0.          0.        ]]
s received
[[ 0.66818777  0.64565631]
 [ 0.57444252  0.7109495 ]
 [ 0.82022816  0.77343167]
 [ 0.79991415  0.80226419]
 [ 0.83982824  0.82377612]
 [ 0.88712792  0.77567476]
 [ 0.85994898  0.79690263]
 [ 0.          0.        ]]

In [18]: %run rnn.py q

In [19]: %run test.py
### predicting y
y expected
[[ 0.39411072  0.32179748  0.2840918 ]
 [ 0.4075143   0.32013043  0.27235527]
 [ 0.41091755  0.31606385  0.2730186 ]
 [ 0.41098376  0.31825833  0.27075792]
 [ 0.41118931  0.31812307  0.27068762]
 [ 0.41356637  0.31280332  0.27363031]
 [ 0.41157736  0.31584609  0.27257655]]
y received
[[ 0.39411072  0.32179748  0.2840918 ]
 [ 0.388575    0.33155846  0.27986654]
 [ 0.40796769  0.31748795  0.27454436]
 [ 0.40704855  0.32027924  0.27267221]
 [ 0.41045624  0.31852967  0.27101409]
 [ 0.41298341  0.31297513  0.27404146]
 [ 0.41140444  0.31585632  0.27273924]]

s expected
[[ 0.66818777  0.64565631]
 [ 0.80500806  0.80655686]
 [ 0.85442692  0.79322425]
 [ 0.84599959  0.8270955 ]
 [ 0.84852462  0.82794442]
 [ 0.89340731  0.7811953 ]
 [ 0.86164528  0.79916155]
 [ 0.          0.        ]]
s received
[[ 0.66818777  0.64565631]
 [ 0.57444252  0.7109495 ]
 [ 0.82022816  0.77343167]
 [ 0.79991415  0.80226419]
 [ 0.83982824  0.82377612]
 [ 0.88712792  0.77567476]
 [ 0.85994898  0.79690263]
 [ 0.          0.        ]]

In [20]: %run test.py
### predicting y
y expected
[[ 0.39411072  0.32179748  0.2840918 ]
 [ 0.4075143   0.32013043  0.27235527]
 [ 0.41091755  0.31606385  0.2730186 ]
 [ 0.41098376  0.31825833  0.27075792]
 [ 0.41118931  0.31812307  0.27068762]
 [ 0.41356637  0.31280332  0.27363031]
 [ 0.41157736  0.31584609  0.27257655]]
y received
[[ 0.39411072  0.32179748  0.2840918 ]
 [ 0.388575    0.33155846  0.27986654]
 [ 0.40796769  0.31748795  0.27454436]
 [ 0.40704855  0.32027924  0.27267221]
 [ 0.41045624  0.31852967  0.27101409]
 [ 0.41298341  0.31297513  0.27404146]
 [ 0.41140444  0.31585632  0.27273924]]

s expected
[[ 0.66818777  0.64565631]
 [ 0.80500806  0.80655686]
 [ 0.85442692  0.79322425]
 [ 0.84599959  0.8270955 ]
 [ 0.84852462  0.82794442]
 [ 0.89340731  0.7811953 ]
 [ 0.86164528  0.79916155]
 [ 0.          0.        ]]
s received
[[ 0.66818777  0.64565631]
 [ 0.57444252  0.7109495 ]
 [ 0.82022816  0.77343167]
 [ 0.79991415  0.80226419]
 [ 0.83982824  0.82377612]
 [ 0.88712792  0.77567476]
 [ 0.85994898  0.79690263]
 [ 0.          0.        ]]

In [21]: %run test.py
### predicting y
y expected
[[ 0.39411072  0.32179748  0.2840918 ]
 [ 0.4075143   0.32013043  0.27235527]
 [ 0.41091755  0.31606385  0.2730186 ]
 [ 0.41098376  0.31825833  0.27075792]
 [ 0.41118931  0.31812307  0.27068762]
 [ 0.41356637  0.31280332  0.27363031]
 [ 0.41157736  0.31584609  0.27257655]]
y received
[[ 0.39411072  0.32179748  0.2840918 ]
 [ 0.388575    0.33155846  0.27986654]
 [ 0.40796769  0.31748795  0.27454436]
 [ 0.40704855  0.32027924  0.27267221]
 [ 0.41045624  0.31852967  0.27101409]
 [ 0.41298341  0.31297513  0.27404146]
 [ 0.41140444  0.31585632  0.27273924]]

s expected
[[ 0.66818777  0.64565631]
 [ 0.80500806  0.80655686]
 [ 0.85442692  0.79322425]
 [ 0.84599959  0.8270955 ]
 [ 0.84852462  0.82794442]
 [ 0.89340731  0.7811953 ]
 [ 0.86164528  0.79916155]
 [ 0.          0.        ]]
s received
[[ 0.66818777  0.64565631]
 [ 0.57444252  0.7109495 ]
 [ 0.82022816  0.77343167]
 [ 0.79991415  0.80226419]
 [ 0.83982824  0.82377612]
 [ 0.88712792  0.77567476]
 [ 0.85994898  0.79690263]
 [ 0.          0.        ]]

In [22]: %run test.py
### predicting y
y expected
[[ 0.39411072  0.32179748  0.2840918 ]
 [ 0.4075143   0.32013043  0.27235527]
 [ 0.41091755  0.31606385  0.2730186 ]
 [ 0.41098376  0.31825833  0.27075792]
 [ 0.41118931  0.31812307  0.27068762]
 [ 0.41356637  0.31280332  0.27363031]
 [ 0.41157736  0.31584609  0.27257655]]
y received
[[ 0.39411072  0.32179748  0.2840918 ]
 [ 0.388575    0.33155846  0.27986654]
 [ 0.40796769  0.31748795  0.27454436]
 [ 0.40704855  0.32027924  0.27267221]
 [ 0.41045624  0.31852967  0.27101409]
 [ 0.41298341  0.31297513  0.27404146]
 [ 0.41140444  0.31585632  0.27273924]]

s expected
[[ 0.66818777  0.64565631]
 [ 0.80500806  0.80655686]
 [ 0.85442692  0.79322425]
 [ 0.84599959  0.8270955 ]
 [ 0.84852462  0.82794442]
 [ 0.89340731  0.7811953 ]
 [ 0.86164528  0.79916155]
 [ 0.          0.        ]]
s received
[[ 0.66818777  0.64565631]
 [ 0.57444252  0.7109495 ]
 [ 0.82022816  0.77343167]
 [ 0.79991415  0.80226419]
 [ 0.83982824  0.82377612]
 [ 0.88712792  0.77567476]
 [ 0.85994898  0.79690263]
 [ 0.          0.        ]]

In [23]: %run rnn.py q

In [24]: %run test.py
### predicting y
y expected
[[ 0.39411072  0.32179748  0.2840918 ]
 [ 0.4075143   0.32013043  0.27235527]
 [ 0.41091755  0.31606385  0.2730186 ]
 [ 0.41098376  0.31825833  0.27075792]
 [ 0.41118931  0.31812307  0.27068762]
 [ 0.41356637  0.31280332  0.27363031]
 [ 0.41157736  0.31584609  0.27257655]]
y received
[[ 0.39411072  0.32179748  0.2840918 ]
 [ 0.388575    0.33155846  0.27986654]
 [ 0.40796769  0.31748795  0.27454436]
 [ 0.40704855  0.32027924  0.27267221]
 [ 0.41045624  0.31852967  0.27101409]
 [ 0.41298341  0.31297513  0.27404146]
 [ 0.41140444  0.31585632  0.27273924]]

s expected
[[ 0.66818777  0.64565631]
 [ 0.80500806  0.80655686]
 [ 0.85442692  0.79322425]
 [ 0.84599959  0.8270955 ]
 [ 0.84852462  0.82794442]
 [ 0.89340731  0.7811953 ]
 [ 0.86164528  0.79916155]
 [ 0.          0.        ]]
s received
[[ 0.66818777  0.64565631]
 [ 0.57444252  0.7109495 ]
 [ 0.82022816  0.77343167]
 [ 0.79991415  0.80226419]
 [ 0.83982824  0.82377612]
 [ 0.88712792  0.77567476]
 [ 0.85994898  0.79690263]
 [ 0.          0.        ]]

In [25]: %run rnn.py q

In [26]: %run test.py
### predicting y
y expected
[[ 0.39411072  0.32179748  0.2840918 ]
 [ 0.4075143   0.32013043  0.27235527]
 [ 0.41091755  0.31606385  0.2730186 ]
 [ 0.41098376  0.31825833  0.27075792]
 [ 0.41118931  0.31812307  0.27068762]
 [ 0.41356637  0.31280332  0.27363031]
 [ 0.41157736  0.31584609  0.27257655]]
y received
[[ 0.39411072  0.32179748  0.2840918 ]
 [ 0.388575    0.33155846  0.27986654]
 [ 0.40796769  0.31748795  0.27454436]
 [ 0.40704855  0.32027924  0.27267221]
 [ 0.41045624  0.31852967  0.27101409]
 [ 0.41298341  0.31297513  0.27404146]
 [ 0.41140444  0.31585632  0.27273924]]

s expected
[[ 0.66818777  0.64565631]
 [ 0.80500806  0.80655686]
 [ 0.85442692  0.79322425]
 [ 0.84599959  0.8270955 ]
 [ 0.84852462  0.82794442]
 [ 0.89340731  0.7811953 ]
 [ 0.86164528  0.79916155]
 [ 0.          0.        ]]
s received
[[ 0.66818777  0.64565631]
 [ 0.57444252  0.7109495 ]
 [ 0.82022816  0.77343167]
 [ 0.79991415  0.80226419]
 [ 0.83982824  0.82377612]
 [ 0.88712792  0.77567476]
 [ 0.85994898  0.79690263]
 [ 0.          0.        ]]

In [27]: 